97150.65814834318 -55.006124382937955
-23.17258718914716 0.013820787919815237
-0.08313788085258868 0.058210532598249695
0.02878294452050704 0.0
0.0007794989146944725 0.0325015335930612
-24.94914409185398 0.010611202918797673
0.0075323326629889035 0.0023186712419646835
-6.185305072679932e-41 0.02517752980043524
-5.189981506855361e-06 -4.003633069223739e-07
0.07178413520295933 -0.026338066523267492
-2.8716672942547004e-06 -12.123128184534032
0.0 0.0
-3.8461397088414385e-08 -0.19427452095947506
-0.0001838523618810043 0.16802169094690705
-6.016910532198438e-06 -3.7237498107335334
0.0 0.0
0.010760878218741502 0.00016207004102200827
-0.355959367886725 0.008998823761645165
-0.1727126369414488 0.03260878973846437
0.000455888914824098 0.0036689840047889923
-0.1719770484314879 0.030237694580745635
-7.268549676150476 -0.04344679866263714
0.02596502536300365 -1.6508688712482054
-0.00024733286533602187 0.1392628856026466
-3.63477459105604 0.08934360405175581
-2.791160919180425 0.3255008421737292
-0.0003253204322507268 9.13712242957167
0.0012680345162512045 0.1536910350295732
-311.2959197287699 0.4839197219700607
-4.4294059239152605e-05 0.010789093213783246
-1.4327996700470265 -0.18035211707464754
-2.6663658266535876e-05 0.04396331756439056
5.453769730043615e-06 0.0278418983320352
-0.019169150637369237 0.10390751794006792
0.0010927943143009193 0.0003010985971343969
0.002228271578555718 0.0022734011528606295
0.004751056783670321 -0.7568746412648336
0.02542919252957552 -0.026511506562629905
0.0006879078870470641 0.0024064184682505187
0.0005459007723835384 -2.8584354707033906e-48
-0.010198658550779066 -2.526033350117258e-06
-0.4120562702322273 0.058920149474236766
-0.00013610146922451158 -0.00017111571203591483
0.001879912297357537 0.0
-6.024495096023906e-08 -12.618930751394227
0.01458035742338266 -2.4867170116691047e-48
-62.596133420629926 -2.4379836279470453e-06
0.0 0.0
0.00012485828668103163 0.05681952066739161
-0.0002071625245435258 0.002099646388699098
0.03524955637816828 -0.00028172524284712655
2.8707028540226072e-05 0.004754301732723674
-0.1290536128431613 0.006895046188503388
0.019307080080562446 -0.3402705919470294
0.0018367849389987717 0.01685697918091262
6.312885175967138e-05 0.002740262953554907
0.12761294021152372 -0.6819603379239627
-2.7197515446210847 0.022609476277759364
0.8257857856714292 0.0037276631610840866
-7.984535980500627e-133 0.004888524698900413
0.08653698590081796 0.0
0.10943186168991609 2.426426846690079
0.008207882239006651 0.0
0.04102796283482855 0.0
0.006595165992836114 -0.0032008694251800724
-1295.6333727347503 0.054518969134127356
-0.015000109871713418 0.026303686703594186
0.001172411533558746 -0.017474529009484374
0.004497516137617532 2.7928999522511803e-05
-0.010794282043600882 -76.93435918787512
-0.0020760072360233445 0.03971787222563013
0.007275506411829049 0.0
-2.630741757053346e-06 -5.891666031548722e-09
-0.023262595285194407 0.9058711157526611
-1.3534587793436494e-06 -17.239296132961826
-2.6103986304277978e-48 -2.2869687812324534e-47
-3.4563260509670676e-08 -2.0451081760922995e-10
0.061543709058546336 -0.3714445731471262
-0.01276984934813913 -1.840015796269599e-10
-2.2981197461740468e-47 9.590262338740006e-48
0.015551063501408046 -0.006046272853120078
-1.8161899994810526 -2.0686002167138113
-4.602822064027209 -0.018413007928838532
0.01727975302762009 -0.00011375927586837654
-2.3244525076451144 0.0032516481880411592
-120.68083537185467 0.018969364375155565
-14.649179728738115 -0.05668198307984562
-0.10327779584331355 0.008636983301370686
-102.74231342455292 0.024902261871083475
-0.06576089518750189 0.014583239778955922
-0.17306120951782694 0.2740883244376914
-0.00020670325647999325 0.3721860662570965
-183.55562900252335 0.010473555949946228
-1228.752281465973 -0.08171443419508788
0.21618951786154142 2.1049023078280975e-39
-1.9785065212211196e-163 -1.9635124583472917e-162
0.00011227089815232017 0.003309715210189905
-0.2734596820824153 0.01336066998787554
0.00031420840086828243 0.0007105936934568687
0.2539452287871494 0.0
-6.4531664233555155 0.011211720343513035
0.12092724995177732 -0.37075459002489247
6.167376531964745e-06 0.0007178593116440699
0.0006905049145113287 0.0009602601607144414
-0.0033686683789653227 -6.548848482415106e-09
-0.0625974903106729 0.2729437172560536
-0.0006953688940981308 -1.836193456456579e-06
0.14357648696752545 0.0
-3.5636517887566225e-08 -2.4134070447700426e-11
-2.443082674753175e-07 0.3235554015998028
-7.64305134544823e-05 -2.1347687050704323e-09
0.005211556805894347 0.0
-0.06171600545002978 0.001152460085607638
0.0027708218639410954 -0.37651062367530186
0.03893142030650284 0.42360567998504833
0.00015859657647182253 0.0021498822206486475
-25.620728631255773 0.0042446907029058565
-1.8092082568213403 -0.03387983110863359
-0.12611456619577352 -1.2504756985133154
-0.06195827764304883 0.001275159389225359
0.12063968327800587 -50.12435176725633
-9.617189786965586 0.0370953928504315
0.10782172586133104 0.0
0.027680531079623434 0.03188209170753545
0.22710804104996907 0.001735872585056447
0.024287676665179034 0.10346903567042846
0.17653388902689715 0.0030377487575397395
3.1471232640975395e-10 0.38851306634268473
0.00029445260724987853 4.194353892481915e-05
0.40417357786745667 0.012583961607242438
0.03894231674786889 -5.548714898117654
-1.2953760927405308e-128 0.139248494834212
0.021771419492431512 0.0230187699337139
0.040388686136888924 0.04792097697631348
2.391761750809023 0.019497503479782283
0.0 0.0
0.0034341879997444643 0.0035196884016939615
0.080706067846554 0.21289907256461502
-1.1575606781300216 0.06644619965174084
6.410406081283324 0.0
0.0030969401688500757 -0.18817047235924297
0.045656990516919446 -0.602819301494963
-2.5263584432641017e-266 0.25919591231151684
-4.226014167849299e-200 4.313866244899367
0.01062597348684076 0.012474194400522321
0.00032323274345346883 0.15116369096254717
1.195753118202147 -0.3061206467878949
-0.0006134195217728734 0.030318830061352775
0.011586497614290234 -1.3924209150095217
-0.00010918987445553678 0.036470245641063465
0.48362286405146215 0.2803737024622753
0.11394515661789878 0.0
0.01557269891964081 0.07368083757361436
0.002270858226364615 0.009059358428342733
1.2287043115569332 4.05682204464153
2.3308875701982968e-05 0.1531606786978627
0.05655648469683738 -87.23047579932845
0.01620308614925025 -0.2127030293502063
-6.19058757890032e-23 1.6995971623769608
-1.4386761367490804e-181 0.0005578658906171591
8.274098846925893e-06 0.041107138816873307
-0.4529353688366409 0.04774036800361723
0.009085253403205724 0.2428527258339296
0.01035256678476789 0.0032325339997046534
0.02828480644551184 0.03424144104741644
0.00026880192206283753 0.010229913031672429
0.02586302954948951 0.00010850439663321205
-8.429657638032895e-49 0.22854624715151067
0.053298270303678195 0.0009696237061574121
-89.65128385460488 2.6335483483269657
-0.0031726115003403773 0.08201360866708425
-2.637916005652966e-105 0.015360897697698451
0.051850889920889015 -565.8552238075927
4.386588919089946 5.728409261124958e-07
3.986508668468805e-09 0.2023189587781835
0.005908976607377667 0.0
0.18977789669438747 0.015482520543243205
0.0011900968280665282 0.06601674790302053
0.26489097844528753 0.7744687476603614
0.042375361422076874 0.0009502536436414309
0.10506936207363454 -0.09488255066471714
-1.1689043196890751e-06 0.11538008902428415
0.09322252752250057 0.0015924785934929519
0.030869920510199683 -1.651688137788376e-213
0.027449202272183268 0.081287092542289
0.0011545090487112253 0.0257189463613139
-8.358763327888933e-24 0.6070141353750036
0.00369196614855374 -7.387522775523863e-86
0.19990486930362228 0.2766642575097358
0.4172294073563568 0.048353117124155985
0.03999816240027903 -1.393005666969285e-56
0.0043616124619873815 -3.3030403e-317
0.0003387502632727366 0.01070240495108843
0.004845232508684934 -0.7616603103816788
0.44820190187931924 0.0003041842870918565
0.021624287659819545 -1.2040254355251776e-129
0.0001340742346434334 0.010560776972375278
-95.9459769147337 0.00429813856421106
0.021448753137861896 0.028500688007508126
0.6834531725416167 0.0
0.007870430616091134 0.01279020155424678
-74.33258499134915 0.03421420907074861
0.03412021215240614 -218.92439560511815
2.954697681382721 6.984903069864237e-06
0.0005524902430421528 0.0017467146145641922
0.004054596585420713 -2.6555073187542098
0.058344032140748826 0.002876512124876912
-4.535681755330888e-89 0.4702060177466902
0.00933631668511438 -0.7405092231758398
-0.2161455490022637 0.00921652659861245
0.24678584652194774 0.00207567142651801
0.46677424377083243 0.05802074065282332
-153.95559845558273 0.002585464752417185
-464.4728528356238 -0.3615360417001657
0.22910115445195833 0.0006673613466566221
0.12886853221982003 -4.232054123227639e-06
-0.25079277410941 0.07159994012199357
0.10248450081301905 -1.7431771155596119
0.16502735726089035 0.0
-8.762327349967081e-151 0.05477504157378281
-0.6184953046302355 0.016642990997004097
-16.84065807743184 -0.5051023115920567
0.14990519006157882 0.0020385016382512286
1.4666059374794367 0.011163366745489501
-0.3333236766603478 0.008008209532599026
0.07055924814375936 0.1239380642487411
0.24234786839313652 8.650701099063705e-05
0.1404795167592815 0.4331276726799334
0.0063423599585437015 0.0012710684022050344
0.16708063876675508 0.3243629341837717
8.80163757921232e-05 0.06866761954983594
0.001372012126613699 0.0
-0.9815400857231826 0.0571833400963314
-1483.6210087950608 1.392837049489043
0.03886582855267151 0.028898453530355986
-2.796991380467151e-57 2.6049632065619734
0.001427910332310784 0.03088004886551119
-3.508276114001132e-05 0.13882631126317335
-0.736982950921635 0.015486454873125806
0.27879041773204755 0.004655062104141761
0.0009674478484758079 0.7683290112032127
0.014973915639353273 0.16002265865767623
0.002085896476568475 0.7563967097876583
0.06516001894481498 1.7735490605016836e-05
0.10235454113757596 0.07036457051376574
0.3122150344964142 -1.0271790195920683
0.13144216837712946 -0.03960105027987263
0.7981488133335646 0.001169392502652686
0.01330749927905591 -0.935673034384789
0.17133200539238658 -0.010575667791545725
-10.109148423475059 0.07907896485973377
0.0003474000512839025 0.5071211592688813
0.008646844780542642 -0.0007670641631883274
-0.029842802671971383 0.35100571043323425
-72.90340529270892 1.0249508160756893
0.9310991042091478 0.02105770974652068
